0  0
1  0
2  0
3  0
4  0
5  0
6  0
7  0
8  0
9  0
10  0
11  0
12  0
13  0
14  0
15  0
16  0
17  0
18  0
19  0
20  0
21  0
22  0
23  0
24  0
25  0
26  0
27  0
28  0
29  0
30  0
31  0
32  0
33  0
34  0
35  0
36  0
37  0
38  0
39  0
40  0
41  0
42  0
43  0
44  0
45  0
46  0
47  0
48  0
49  0
50  0
51  0
52  0
53  0
54  0
55  0
56  0
57  0
58  0
59  0
60  0
61  0
62  0
63  0
64  0
65  0
66  0
67  0
68  0
69  0
70  0
71  0
72  0
73  0
74  0
75  0
76  0
77  0
78  0
79  0
80  0
81  0
82  0
83  0
84  0
85  0
86  0
87  0
88  0
89  0
90  0
91  0
92  0
93  0
94  0
95  0
96  0
97  0
98  0
99  0
100  0
101  0
102  0
103  0
104  0
105  0
106  0
107  0
108  0
109  0
110  0
111  0
112  0
113  0
114  0
115  0
116  0
117  0
118  0
119  0
120  0
121  0
122  0
123  0
124  0
125  0
126  0
127  0
128  0
129  0
130  0
131  0
132  18
133  18
134  18
135  18
136  18
137  18
138  18
139  18
140  18
141  18
142  20
143  30
144  30
145  31
146  31
147  31
148  31
149  48
150  48
151  59
152  59
153  59
154  62
155  62
156  68
157  68
158  69
159  69
160  69
161  69
162  74
163  74
164  75
165  75
166  79
167  79
168  79
169  82
170  82
171  84
172  84
173  84
174  84
175  90
176  90
177  92
178  92
179  96
180  96
181  96
182  98
183  98
184  103
185  103
186  103
187  103
188  106
189  106
190  112
191  115
192  115
193  115
194  120
195  120
196  127
197  127
198  131
199  131
200  131
201  131
202  135
203  139
204  139
205  139
206  139
207  146
208  146
209  148
210  148
211  155
212  155
213  155
214  155
215  156
216  163
217  163
218  163
219  163
220  173
221  173
222  176
223  176
224  182
225  182
226  182
227  182
228  185
229  190
230  190
231  194
232  194
233  194
234  194
235  197
236  197
237  201
238  201
239  201
240  207
241  207
242  213
243  213
244  214
245  214
246  214
247  214
248  219
249  219
250  221
251  221
252  221
253  225
254  225
255  255
